name: coursera
channels:
  - anaconda
  - conda-forge
  - defaults
dependencies:
  - attrs=19.3.0=py_0
  - backcall=0.2.0=py_0
  - backports=1.0=py_2
  - backports.weakref=1.0rc1=py36_1
  - blas=1.1=openblas
  - bleach=1.5.0=py36_0
  - ca-certificates=2020.6.20=hecda079_0
  - certifi=2020.6.20=py36h9f0ad1d_0
  - cycler=0.10.0=py36_0
  - dbus=1.13.12=h746ee38_0
  - decorator=4.4.2=py_0
  - defusedxml=0.6.0=py_0
  - entrypoints=0.3=py36_0
  - expat=2.2.9=he6710b0_2
  - fontconfig=2.13.0=h9420a91_0
  - freetype=2.10.2=h5ab3b9f_0
  - glib=2.56.2=hd408876_0
  - gst-plugins-base=1.14.0=hbbd80ab_1
  - gstreamer=1.14.0=hb453b48_1
  - h5py=2.10.0=py36hd6299e0_1
  - hdf5=1.10.6=hb1b8bf9_0
  - html5lib=0.9999999=py36_0
  - icu=58.2=he6710b0_3
  - importlib-metadata=1.7.0=py36_0
  - importlib_metadata=1.7.0=0
  - intel-openmp=2020.1=217
  - ipykernel=5.3.0=py36h5ca1d4c_0
  - ipython=7.16.1=py36h5ca1d4c_0
  - ipython_genutils=0.2.0=py36_0
  - ipywidgets=7.5.1=py_0
  - jedi=0.17.1=py36_0
  - jinja2=2.11.2=py_0
  - jpeg=9b=habf39ab_1
  - jsonschema=3.2.0=py36_0
  - jupyter=1.0.0=py36_7
  - jupyter_client=6.1.5=py_0
  - jupyter_console=6.1.0=py_0
  - jupyter_core=4.6.3=py36_0
  - keras=2.0.4=py36_0
  - kiwisolver=1.2.0=py36hfd86e86_0
  - lcms2=2.11=h396b838_0
  - ld_impl_linux-64=2.33.1=h53a641e_7
  - libedit=3.1.20191231=h7b6447c_0
  - libffi=3.3=he6710b0_2
  - libgcc-ng=9.1.0=hdf63c60_0
  - libgfortran-ng=7.3.0=hdf63c60_0
  - libgpuarray=0.7.6=h14c3975_1003
  - libpng=1.6.37=hbc83047_0
  - libprotobuf=3.12.3=hd408876_0
  - libsodium=1.0.18=h7b6447c_0
  - libstdcxx-ng=9.1.0=hdf63c60_0
  - libtiff=4.1.0=h2733197_1
  - libuuid=1.0.3=h1bed415_2
  - libxcb=1.14=h7b6447c_0
  - libxml2=2.9.10=he19cac6_1
  - lz4-c=1.9.2=he6710b0_0
  - mako=1.1.0=py_0
  - markdown=3.1.1=py36_0
  - markupsafe=1.1.1=py36h7b6447c_0
  - matplotlib=3.2.2=0
  - matplotlib-base=3.2.2=py36hef1b27d_0
  - mistune=0.8.4=py36h7b6447c_0
  - mkl=2019.4=243
  - mkl-service=2.3.0=py36he904b0f_0
  - mkl_random=1.1.0=py36hd6b4f25_0
  - mock=4.0.2=py_0
  - nbconvert=5.6.1=py36_0
  - nbformat=5.0.7=py_0
  - ncurses=6.2=he6710b0_1
  - notebook=6.0.3=py36_0
  - numpy=1.15.4=py36_blas_openblash1522bff_1000
  - olefile=0.46=py36_0
  - openblas=0.3.3=h9ac9557_1001
  - openssl=1.1.1g=h516909a_0
  - pandas=1.0.5=py36h0573a6f_0
  - pandoc=2.9.2.1=0
  - pandocfilters=1.4.2=py36_1
  - parso=0.7.0=py_0
  - pcre=8.44=he6710b0_0
  - pexpect=4.8.0=py36_0
  - pickleshare=0.7.5=py36_0
  - pillow=7.2.0=py36hb39fc2d_0
  - pip=20.1.1=py36_1
  - prometheus_client=0.8.0=py_0
  - prompt-toolkit=3.0.5=py_0
  - prompt_toolkit=3.0.5=0
  - protobuf=3.12.3=py36he6710b0_0
  - ptyprocess=0.6.0=py36_0
  - pygments=2.6.1=py_0
  - pygpu=0.7.6=py36h785e9b2_1001
  - pyparsing=2.4.7=py_0
  - pyqt=5.9.2=py36h22d08a2_1
  - pyrsistent=0.16.0=py36h7b6447c_0
  - python=3.6.10=h7579374_2
  - python-dateutil=2.8.1=py_0
  - python_abi=3.6=1_cp36m
  - pytz=2020.1=py_0
  - pyyaml=5.3.1=py36h7b6447c_1
  - pyzmq=19.0.1=py36he6710b0_1
  - qt=5.9.7=h5867ecd_1
  - qtconsole=4.7.5=py_0
  - qtpy=1.9.0=py_0
  - readline=8.0=h7b6447c_0
  - scipy=1.1.0=py36_blas_openblash1522bff_1202
  - send2trash=1.5.0=py36_0
  - setuptools=47.3.1=py36_0
  - sip=4.19.23=py36he6710b0_0
  - six=1.15.0=py_0
  - sqlite=3.32.3=h62c20be_0
  - tensorflow=1.2.1=py36_0
  - terminado=0.8.3=py36_0
  - testpath=0.4.4=py_0
  - theano=1.0.3=py36hfc679d8_1
  - tk=8.6.10=hbc83047_0
  - toolchain=2.4.0=0
  - toolchain_c_linux-64=2.4.0=0
  - toolchain_cxx_linux-64=2.4.0=0
  - tornado=6.0.4=py36h7b6447c_1
  - traitlets=4.3.3=py36_0
  - wcwidth=0.2.5=py_0
  - webencodings=0.5.1=py36_1
  - werkzeug=1.0.1=py_0
  - wheel=0.34.2=py36_0
  - widgetsnbextension=3.5.1=py36_0
  - xz=5.2.5=h7b6447c_0
  - yaml=0.2.5=h7b6447c_0
  - zeromq=4.3.2=he6710b0_2
  - zipp=3.1.0=py_0
  - zlib=1.2.11=h7b6447c_3
  - zstd=1.4.4=h0b5b093_3
prefix: /home/mahathir/miniconda3/envs/coursera

